2.762658900213179058e-01 -7.113100619928247603e-01 -8.918881663783997382e-01 1.030479785027822448e+00 -1.645328043218561076e+00 5.135399775848981108e-01 2.851099207799479007e-01 7.106087810640556768e+01
-1.854628078806506153e+00 1.417318894211028413e+00 1.217623535916423139e+00 7.108224276030346012e-01 2.573152715173419591e-01 -2.222045323945800732e-01 7.582119458613698626e-01 8.677187534479375586e+01
6.239011113263562835e-01 5.866299453625996030e-01 8.754685845354152063e-01 4.303119854810477096e-01 -6.936620300508564152e-02 5.707940486365694621e-01 -8.239192214710681084e-01 7.002481774857719188e+01
1.145311289572092051e+00 4.591115793567892012e-01 -4.066067419593709098e-01 -1.787472912972478456e+00 6.213631025974306610e-01 -1.959001394257638140e-01 5.189365595164662226e-01 6.356720423010386156e+01
1.037190468227881857e+00 2.220587882072798891e+00 -5.601421109783221164e-01 1.101258629279617596e+00 1.090403458429127559e+00 1.158802154701668252e+00 -1.604811756622645191e+00 4.283913305053587806e+01
1.886638929781608187e+00 9.979181410868577518e-02 3.051983806869985605e-01 -2.021963401106314340e+00 7.417636425956842805e-01 9.684023724873453975e-01 -1.074292203017264136e+00 5.435279604231193673e+01
-1.116982901287678215e-01 -6.750206384328369391e-03 7.428663214046398178e-01 -2.214646168660334258e+00 -1.423848673839500423e+00 -1.441880380611218759e-01 -1.580295516168905623e+00 8.496190791021717814e+01
-3.621013383990493995e-01 1.270953353144649522e+00 5.304843929518343604e-01 9.067250816306223760e-01 -2.352563954843317762e-01 3.445373021586421725e-02 -1.175249512199486812e+00 7.317858557010998766e+01
1.486750450452445083e-01 1.768685954113880632e+00 1.170773914557627915e+00 -6.712323891332702130e-01 1.076890606400474591e-02 -8.723122824589897295e-01 -3.935645333447126970e-01 9.038983530244514952e+01
-4.377831525146316238e-01 -2.847227235934951306e+00 2.218989948149166502e-01 1.022843158288825050e-01 -5.337171596094174575e-01 -5.001260402411561445e-01 5.487030468865586874e-01 8.954648693593370012e+01
2.171256997506642694e+00 9.585284668843945255e-01 -5.756336192470578039e-01 2.138320733273140484e-01 -1.944241300871935030e-01 1.542580593580561987e-01 2.675963223481300224e-01 6.652034690262142647e+01
1.152310250623652221e+00 1.440287533938462150e-01 2.647467844810205140e-01 5.110743727739610609e-01 -1.063124945504342111e+00 9.646983981292208687e-01 1.682026700664452090e-01 7.553303563177118463e+01
-1.818812339302827485e+00 1.514233575868791259e+00 3.700963723450585996e-01 1.817816452689128004e-01 6.922430560994585758e-01 2.904578842610608280e+00 -6.256072864524206967e-01 5.382442447380861950e+01
-1.380493408496407670e-01 5.782171566743218305e-01 -1.448465143971652269e+00 -2.613617603523659128e-01 4.914600506123696366e-01 -6.095358940367627022e-03 6.026388739701707964e-01 5.526636093512002645e+01
5.398396138576758707e-01 1.728881072408412711e+00 -1.292832293025899304e+00 -6.932605954345895105e-01 -3.526200789376287559e-01 -1.500409621744493771e+00 -1.617965157297352352e+00 6.941287738906946458e+01
-1.775282287108298940e+00 7.035725362115748949e-01 -2.211264642418636628e-01 7.693927836730224401e-01 1.992200609708258074e+00 1.934375362219604266e+00 -1.404398827870321220e+00 4.192744793224910183e+01
1.314876535880368902e+00 -6.313855654217864766e-01 -4.184662544407632967e-01 -7.308220497347866053e-04 6.591687432467320251e-01 4.213216314251776451e-01 -3.779709705975154987e-01 5.370061409842124789e+01
-4.734480470740532465e-01 -1.099607748306555832e+00 -3.997193551176589366e-01 -1.168313354484358246e+00 9.010492769892091136e-01 -1.306954931310792656e+00 2.726594242669175383e+00 7.455750496688038709e+01
-1.092229900727185177e+00 1.290661418938829907e+00 -1.700403167985734681e-02 4.700176781645774571e-01 -4.494382770934187699e-01 -3.992114356232212002e-01 -5.056632016172637467e-01 7.770131961908820983e+01
-2.500274417377503777e-01 4.030056396505544286e-02 -4.780842383847491162e-01 -1.211217645669267373e+00 -2.474296919473437217e+00 -6.698340038689598597e-01 8.269569030582223368e-01 9.378299668176335047e+01
-9.822943035823568092e-01 1.034019553375242539e+00 -8.511243961644509026e-01 -2.903556550317477059e-01 -3.286098916875282994e-01 -3.001402486448896401e-01 2.445314682078069957e-01 7.033212963384542604e+01
1.031269092479094596e+00 -1.595527547071934338e+00 -1.550012524954737791e-01 3.018025104977188899e-01 5.671195666331145802e-01 7.897933380202093456e-01 6.071885311272587904e-01 5.894424293117180014e+01
4.913337755142118679e-01 -1.764963755925612887e-01 -8.785729874193696221e-01 6.984799709682446567e-01 -5.258286604307547130e-01 1.569529419117139668e-01 -1.683563274746843863e+00 6.008996469133886364e+01
-4.466466042028526262e-01 -8.218994318870999072e-01 4.852128871488816664e-01 -1.215269211491189910e-02 9.966834566376515658e-01 -4.598721763341879210e-01 -5.332081000235915358e-01 6.850759043283237304e+01
-8.063600819061349512e-01 1.129190686915920061e+00 -2.634345433570481898e-01 8.289113488596890067e-02 -3.625710321019260385e-01 -6.983136291037356225e-01 7.789773787767953483e-02 8.071887888694804758e+01
1.312677583434555539e-01 5.073175639523260783e-01 -3.434217397361550295e-01 4.572028801478388860e-01 7.865173230724837872e-01 9.185185151925641389e-02 -2.120656032862490381e+00 5.222895158660710990e+01
-1.212560238383705968e+00 -1.534696474167099867e+00 2.411440484600583245e-01 8.453040392699530114e-01 4.624605543269265095e-01 4.167083628580599275e-02 -7.786602618709819179e-01 6.424614448620832263e+01
1.599908534911089197e-01 2.917550995716632345e-01 -1.076782758379975835e+00 -8.074902062241849920e-01 -6.688247236262060413e-01 -2.313792931529626173e+00 -1.353860206268899524e-01 8.296705575544484645e+01
-7.552230356349969309e-01 9.915225629483926939e-01 3.828172098977333238e-01 -6.485855963594243656e-01 4.769042587253892185e-01 6.244119166999800852e-02 7.190822697053962653e-02 6.953581936731326607e+01
3.498959924220542139e-01 -1.827899659270175947e+00 -1.190298457635671436e+00 -6.406274984461161059e-01 5.695060143178144463e-01 -4.086733679472172032e-01 -1.253080891127852925e-01 5.629261629864266325e+01
9.775417643220475350e-01 2.861414292771861101e-01 8.897878671414900520e-01 1.257962424475458918e-01 1.758215191313607928e+00 -1.849682401378395680e+00 2.589885155930159444e-01 8.342655964180376316e+01
-1.385852498359645413e-01 1.445327867071415140e+00 -6.580905025710979961e-02 9.265840255878311504e-01 1.097524191402160509e+00 -1.100000144539452940e+00 1.067814536910791867e+00 7.453018276329066794e+01
1.038563051415023197e-01 -1.030188372230242067e+00 -1.445794775097657414e+00 -8.878074328193428233e-01 9.047622971137014858e-01 2.632175967029107624e-02 -1.290177583329190913e-01 4.832125673097924334e+01
3.005910360627279121e-01 6.065836294822930519e-01 -1.620849662028086280e-01 4.127976542165009977e-01 -7.279427085896573724e-01 -4.405864798255281212e-01 1.752576045602965288e-02 8.254081841957102483e+01
9.682052956069856497e-01 -1.032919934747875468e+00 -1.049450578370117286e-02 -1.101313618594841115e+00 2.250410414567189377e-01 1.659795111761545261e+00 -1.742138522457661987e+00 5.241131474836799953e+01
8.696238420501170019e-01 9.942599679782024857e-01 -1.864846104680124572e-01 -7.607828343275009342e-01 6.284667742659274525e-01 -7.214326628212489601e-01 5.351681369568467295e-01 7.177696067580961881e+01
5.677830887425002748e-01 -9.054339791994170383e-01 -1.277203688880742316e+00 4.262371823360304179e-01 1.435605395439917942e+00 1.160397474597377077e+00 3.163349192709823399e-01 4.164236099837336269e+01
4.652823435060511881e-01 -2.764443808209814391e-01 1.531154397611026896e+00 -1.009367437482551200e+00 5.508150608795838732e-01 2.067958245536778428e-01 -8.931075433672032160e-01 7.032511547871749258e+01
-1.165373083178498970e+00 -3.579160307893415327e-01 -1.183043934028200350e-01 -1.267345222698099683e+00 6.495596091995450294e-01 7.996415731124638659e-01 -4.160766882473009298e-01 5.412455503338914298e+01
-2.035994791072068377e+00 -2.586771827730933726e-01 1.370792755064206059e+00 1.888062655621684793e-01 3.270174016775250769e-01 2.658351641938191401e-01 -1.035607333261238994e+00 7.085280424164763247e+01
-1.155413294824681802e+00 2.334562470794424804e+00 2.127829172554651205e+00 -3.783993086606252110e-01 -3.542963427558617484e-01 1.040910429190187614e+00 -1.203557296167915514e+00 7.217513018603838759e+01
3.345157394902921411e+00 -8.461211422302842289e-01 -2.071969158500050479e-01 1.010545158725994597e+00 8.675989975720369562e-01 7.839970297414685652e-01 -1.122430465016595935e+00 4.951698450116481354e+01
1.267272112455500033e-01 -3.338316216015684290e-01 1.653705399725023284e+00 -3.150140832842207028e-01 1.786126192307513905e-01 1.917102697384523102e+00 7.622903202549408119e-01 7.282456053066590584e+01
-6.941788964412252128e-01 7.368533252172561054e-01 -2.669340436670420980e-01 -7.730668301910237350e-01 -3.814639727558627458e-01 1.271709752304182928e+00 -2.325078314236724175e+00 5.616426285146907560e+01
5.576744308965915220e-01 -1.371137117230746827e-01 -2.462555549852794012e-01 -3.404042806487660167e-02 -1.668499368912952641e-01 -2.194378236625660783e+00 9.178780953635882200e-01 9.223800428529793294e+01
9.914659997751930354e-02 1.415194572929707739e-01 -1.310534768250340765e+00 2.830280910385186921e+00 -8.058977937066125197e-01 3.829626064177857336e-01 1.650049160766761558e+00 6.951519270626802438e+01
6.379261742387566381e-01 7.185819517237165277e-01 9.247987357989605472e-01 -2.092989230773338427e+00 3.480722092397184886e-01 9.629824433070803824e-01 1.756361572872641996e-01 6.822334239347263463e+01
7.031106810281849695e-01 3.518965708982519036e+00 -5.215184831904007279e-01 -1.453889407488172303e+00 -3.817446859111156554e-01 8.223830839099682821e-01 6.887332195321719253e-01 6.514343844001861328e+01
-9.160931537827945448e-01 9.074860810338953865e-01 2.525681966717288618e-01 1.152436648874582747e+00 -4.117257272049741346e-01 3.355950050500195458e-01 7.303984881642915372e-01 7.864431086843421781e+01
-7.860142280432327322e-01 -1.536112278779105667e-01 2.430447806334151417e-01 -4.629632629483245720e-01 -8.108307817014652752e-01 7.776075594276962155e-01 -1.446959844870852052e+00 6.765331086836488339e+01
1.119181796437910714e+00 -4.070745808407971733e-01 -4.124340649487278493e-02 -6.422965549839323440e-01 7.036772837608427089e-01 1.306756148762688863e+00 7.863879011787927586e-01 5.708925509085842975e+01
-9.833961091195688731e-01 -4.233726800607704455e-01 -1.913349826674879850e+00 1.505820989405094734e-01 7.709754626760834118e-01 -2.064598929464422028e+00 -1.267466942966107180e+00 5.562528059386087165e+01
2.445200209956716886e-01 1.172306449576145271e+00 -5.351733007101847628e-01 6.235219116385112142e-02 -2.977341575677074359e-01 2.140687400986393651e+00 -8.068876841011948242e-01 5.399343032765912653e+01
-5.814097384487585396e-01 6.794089364668464137e-01 1.329079612926283183e+00 -2.305592330811294388e-02 -2.861316315203051297e-01 -1.461453698300654525e+00 -9.183327732902716312e-01 9.722255994303395710e+01
4.295639022761610359e-01 -1.424710463139005068e+00 9.777126161962135242e-02 -2.062288524171163595e-01 1.057508712732560419e+00 2.513916148416849072e+00 -8.724413094158633974e-01 4.831289285074047513e+01
7.984019883508360893e-01 6.583305812908572807e-02 -1.053539514304422831e+00 2.393508535591084840e-01 1.487671013369389339e+00 -9.637215095379770835e-01 -4.532133289197204928e-01 5.322020134314566775e+01
-6.100700486677679280e-01 4.483991507421734579e-01 -1.029587562036372805e+00 -9.269816413553555456e-02 5.786527509748294884e-01 9.005868112271173120e-02 9.381688654209044964e-01 5.695331545124964379e+01
1.185404207127760845e+00 -3.103471256031941489e-02 -2.396252158867235582e-01 3.017996502631293820e-01 3.207421115375647669e-01 2.780164699273956153e+00 -4.494301558041872702e-01 5.191859760048133410e+01
-7.108340054617888759e-01 6.010153976141657806e-02 -1.118027180203249760e+00 -7.440031047624733329e-01 6.881634354157328826e-01 1.594650122902425970e-01 1.259364228324194368e+00 5.532001203075289197e+01
-7.811289305222610668e-01 1.075243056873264491e+00 8.670946707963428368e-01 -1.110583635050717888e+00 8.712114369964037985e-01 -7.709920098016034284e-01 -2.304441446240227676e-01 7.816162366689736984e+01
-2.303729780185624632e-01 -4.243681451679990335e-01 -1.544076717212263250e-01 6.503847851233606203e-01 3.583042849473592750e-01 -2.217573820670747375e-01 1.810877310935354867e-01 6.833728603443437066e+01
1.201950828580179154e-01 -1.102346954483312214e+00 -8.346528518016801401e-01 9.765526523116137281e-02 -1.640054470928403452e-01 1.564781764049379409e-01 4.306083459926933754e-01 6.457801202810856012e+01
-7.884698354061804304e-01 2.785298687568413811e-01 -8.099570748482232130e-01 2.755968906060435875e-01 4.528846842957514607e-01 -5.390221560188160899e-01 9.319946370419806003e-01 6.635629470401609353e+01
-2.960122619102701247e+00 4.130635077284190437e-01 -1.852019772698376920e+00 2.838021005563350352e-01 -4.192982910095124360e-01 -1.847593378230217631e+00 -1.644890023413438485e+00 6.934255607076507033e+01
-7.955811160214586453e-01 1.995982131757733979e+00 5.287902072045522761e-01 6.620866815865724675e-01 -9.693136398034672974e-01 -1.044401149940512169e-01 -1.296273991589968144e+00 8.104575843117174827e+01
2.845822497822944053e-01 9.238648504633587555e-01 5.323652514925107937e-01 1.019153814365450161e+00 -6.927511372773549336e-01 1.102754067323095111e+00 -2.034574938092954088e+00 6.665384422435101897e+01
5.225372819676080693e-01 7.676661358929989243e-01 7.472645583272903291e-01 -1.457344502445177881e+00 -1.582294984001243687e+00 1.086024692120326707e+00 -5.877497309992344571e-02 7.981289570646718801e+01
8.355444390646274422e-02 1.579176777143472155e+00 1.607596627067855888e+00 -1.729550541872477420e-01 -6.134549461135584830e-02 -6.876492816571176947e-01 -2.315125174057314772e-01 9.246286395611124931e+01
2.720795589557337912e+00 -2.566702989986925920e-01 -3.008310226736154655e-02 -6.813821505135098100e-02 1.095665170389142462e+00 8.158862147955251581e-03 8.140944995911634230e-01 6.321603701466140279e+01
6.110078825786426915e-01 -5.179742653578959244e-01 1.657379991725797641e+00 3.365831107936627098e-01 2.518104544720065410e-02 1.778069265035829224e-02 3.161780841720310820e-01 8.566696263766050379e+01
-8.359439954056612221e-01 5.052751669256499989e-01 -7.675154909499094513e-01 2.811713514650808765e-01 5.056424950049440703e-01 -1.416753173914078734e-01 1.436849807828527448e-01 5.903409403378839926e+01
-3.696040832508398419e-03 1.494495657653080456e-01 1.268695559181348465e+00 -3.615371213354144908e-01 1.117137814947961605e+00 -2.714290671505179997e+00 -6.749963025522658089e-02 8.888667690080559680e+01
3.930946801597682283e-01 3.973228704854372267e-02 -1.403647414135438698e+00 -4.495026749282665102e-01 2.251291188375396324e+00 8.477743033605981483e-05 6.110535871987567980e-01 4.624298545391773985e+01
6.844950841741281877e-01 -7.631088823879278449e-01 -2.838468002624725095e+00 -1.870218030832114575e+00 8.715518777539724704e-01 -1.112781226700703952e-01 -5.046756809742308780e-01 4.613600716457955286e+01
7.752016829723938907e-01 3.849423229299844817e-01 -1.358162562070198032e+00 -3.873079376645219285e-01 1.341231271347404608e+00 -2.362642361129578539e-01 1.966204924612913185e+00 5.309157540193540115e+01
5.560028861106208753e-01 4.603755416194442729e-01 7.845694942976494390e-02 -2.013643495128224714e+00 1.661279360624762669e+00 1.852360683377414496e-01 -3.672837797034328999e-01 5.514381638300489641e+01
-5.409799000156240156e-01 -2.888504179045764952e-01 -4.899166473986791281e-01 6.210382805051337662e-01 1.765327864251899026e+00 7.653575437454364083e-01 -1.052959666227727853e+00 4.341575221951552521e+01
1.524417247580259094e+00 -6.389976383735506138e-01 7.372636218922941076e-01 -1.006360756941745205e+00 -3.197211900129440787e-01 6.756030405428026242e-01 -4.661152727807844065e-01 7.219790988885617367e+01
1.208385130518588646e+00 3.026124917392820191e+00 -2.049546101323026226e-01 -7.188669851548623591e-01 -1.612597509438128407e-01 -2.585562227046980244e-01 6.342986961005047108e-01 7.669885736864810610e+01
5.127728438005171863e-02 -6.297908901597349951e-01 1.334110055125693195e-01 1.695128163692909973e-01 1.750687657461646451e-01 1.374827528483577865e-01 -9.295508786777949561e-01 6.446974253248345121e+01
-4.266312094099396490e-01 -9.751144704354713921e-01 -1.292749048787996957e-01 1.805892556837615182e+00 -9.365103907188290777e-02 2.690943036363835708e-02 2.165791655631374713e-01 7.144870101184656619e+01
8.079402278312141084e-01 7.830392442349622950e-01 -1.760504247637937114e+00 2.761595946518467792e-02 1.593799098069417219e+00 6.094169553386896698e-01 -1.358771475098471626e+00 3.728094012200150331e+01
5.727976180830007119e-02 -4.957154103579054089e-02 -6.412038134041864179e-01 4.161945261090001513e-01 9.806405989498808706e-01 -1.765069884130785027e+00 6.873487030742838622e-01 6.949675969239520157e+01
-1.040171574388156550e+00 1.677914079942829373e+00 -1.635640090562444193e+00 -7.295049212699498131e-01 -2.218335262308494649e+00 1.367975283443693124e+00 -4.128357175777523924e-01 5.978994965529443562e+01
9.341480856960685530e-01 -3.508828991640553507e-01 -1.265932963575400416e+00 8.273798856149565673e-01 -1.479985098173365321e-01 -1.613561680497034745e+00 3.725772175564224242e-01 7.632361269471378762e+01
-1.200345417140066262e-01 2.612129277878117439e-01 9.745423689399757006e-01 1.297459763160017765e+00 6.532784862749697885e-02 3.351340011991247869e-01 -7.562990187945896337e-02 7.559386109102143791e+01
2.207016309092377337e+00 -2.345080613018804438e+00 7.712598465901281397e-01 3.206143470405768969e-01 3.886211811291745422e-01 9.250268766487271810e-01 -3.877520368401388140e-01 6.416326488311626974e+01
-3.399930779222429589e+00 7.328646942024756861e-01 6.914176591522482873e-01 9.250332738177722280e-01 1.932687328769334245e+00 -1.372067874069761440e-01 7.338695865382603711e-02 6.640144085508670457e+01
1.233528896151287135e+00 1.823508962068569161e+00 1.043629372031555702e+00 -1.150938703818168207e+00 7.188426326421250290e-02 -5.204830506183910632e-01 1.137190141304751378e+00 9.349570217111030956e+01
-5.878808389101910503e-01 4.839750479520875670e-01 -5.990263988823973929e-01 1.106169299109649007e+00 -7.525748396448658228e-01 -7.480849242654190323e-02 -9.555938188451182924e-01 6.843268463504423949e+01
-9.769369208783229563e-01 9.834795816753713060e-01 -3.332366237099621542e-01 -6.564028375791042258e-01 7.304856203114746815e-01 -4.258401937431112727e-01 -2.929351737600642824e-01 6.186911069739864644e+01
4.680702998326333741e-01 -1.264518542257779377e+00 1.334588882034310808e+00 -5.965094070243311952e-01 -1.310694553983467348e+00 -1.058948651165348281e-01 1.733640595535142825e+00 1.050426175808507594e+02
2.871126924123245772e+00 8.004043634957409559e-01 -2.377269355047880506e+00 -2.908608037001975122e-01 -9.198044165231882285e-01 1.358504073438980608e+00 1.153330179487768864e-01 5.705508952555105395e+01
-1.208085683805863564e+00 -1.748490949395655192e-01 -5.035270608110343771e-01 1.214908711142888897e+00 4.381753283911480890e-01 4.279948919706504373e-01 9.057066324861091644e-01 6.017547340859234595e+01
1.003603180153984198e+00 -9.335890547359927405e-01 -5.961070181353274045e-01 -3.514819217671561469e-01 9.254211303502256625e-01 -2.650843514868353457e-01 -3.245345549168266452e-01 5.572260170850922378e+01
1.130726446440084576e+00 1.283706506764605848e+00 2.633313156061314331e-01 -2.829437095262146595e+00 -9.788375068659529443e-01 -4.736836016739247035e-01 1.250664212257977415e+00 9.711746052452210165e+01
5.600396921921058091e-01 4.207177271266331342e-01 8.958997938345559797e-01 -1.765759142726218034e+00 -9.149023774481666038e-01 -1.764854085347692392e-01 -7.732625322429641512e-01 8.674056759054057864e+01
-6.183973006640827164e-01 -7.866753534426642602e-01 -7.061907475259349143e-01 -1.488999094982412508e-01 -2.731643175471253571e+00 -2.881231157747313976e+00 -1.122319074118491633e+00 8.992986791233585109e+01
-2.247987191934125994e-01 -6.211638849484936165e-01 1.643732611250383169e+00 -3.981616345200714724e-01 5.984160105303538979e-02 1.717943494266744864e+00 -6.716638594284697339e-01 6.701769811296031776e+01
2.215901450653068316e+00 -1.014013588995314796e+00 -4.343323363485730448e-01 1.431900987341010456e+00 1.414083664592943046e-01 2.952684770145355686e-01 -1.207150158398952788e+00 5.676903393904609629e+01
-1.542583628078899594e-01 3.936693312883906004e-01 -1.090872449802006948e-02 4.493990862689168364e-01 5.048843383476196989e-01 -6.053527783489214276e-01 -1.326022938321950395e+00 6.579528539604709181e+01
2.876072358045947963e-01 5.514894105333184582e-01 -1.408965794460662835e+00 -1.269423242343309388e+00 -2.342288217578410991e-01 1.533592229450961020e-01 2.398512784884610782e-01 6.083113690205796331e+01
5.793610314187762622e-01 -1.537767633060049821e+00 -4.704761119330411745e-01 2.192544231366899132e-01 -2.285382433842769068e+00 -2.915186493780085389e-02 5.015828877883959924e-01 8.335499674358911193e+01
9.332502376921819609e-01 1.977885950660282388e+00 -3.525380835571634841e-01 3.907079511573816055e-02 1.734589945047339959e-02 -5.685044300554461527e-01 2.538462622363902299e-01 7.430917035616437261e+01
1.669618283643644396e+00 -5.193659894257149912e-01 4.855849808199049211e-01 4.891431271591596408e-01 2.054399054999303420e+00 -5.880081242114421070e-01 -6.246687334662598401e-02 6.796452664172240077e+01
1.717239499026645966e+00 4.039618375525829697e-01 -4.881716836239904378e-01 -4.941808024923654563e-01 -5.572990799487614888e-02 1.734644925736475718e-01 8.105528151197888276e-01 6.791959141481545714e+01
-2.536505059057243550e-01 8.254548567623758437e-01 9.080210255945564413e-01 4.952679326623907197e-02 -5.352575927839809955e-01 -6.522074398562875963e-01 1.520492328542591698e-01 9.655919090365418356e+01
-1.163048591981480584e+00 1.150805864189170968e+00 -8.055259035806675572e-01 -1.650816394286542810e+00 1.817599618001652095e-01 -4.907234098783624376e-01 -4.815283886990797124e-01 6.264385314392592363e+01
5.344514601052724467e-01 5.416048835179450016e-01 -2.281435991655653417e-01 3.223915045389507683e-01 1.003111140024505410e+00 -1.922251397438066167e+00 9.332488063932636857e-01 7.632585956470136068e+01
-1.409030859239911448e+00 4.214598351705313162e-01 -7.124197576062859527e-01 1.255449453539644988e+00 2.242398066022146252e-01 -1.563255654117719218e-01 5.699370926434434992e-01 6.488250145541026370e+01
-1.059769934883876719e+00 -5.245568426714194987e-02 5.694175001682101611e-02 2.173708598495753264e-01 1.008491447788180784e+00 1.002838725028915245e+00 -2.436065835746940245e+00 4.882000117936170369e+01
-4.461224938661413897e-01 -3.611907838378639601e-01 1.483460532419705880e+00 7.774501371768379743e-01 -2.287002056014275087e-01 7.629832772727546120e-01 -8.622034101680788876e-01 7.293858453939134279e+01
-1.162449011339983684e+00 1.688763734137759043e+00 2.274280664822323050e+00 -3.917672870001918106e-01 -1.263908301534156786e+00 2.152615892101794604e-01 -4.216123275502948742e-01 9.060447998043258622e+01
-6.219922957338649416e-01 2.771577245478132334e-01 1.707112771975455967e+00 -1.870975565119686213e+00 1.438250100984896640e-01 9.027666006201194859e-01 -1.431146212869506051e+00 6.704721018763764562e+01
6.093312586082928473e-01 1.066828382541481712e+00 -2.938280201925049795e-01 1.003873618013834124e+00 -2.733922520110782517e-01 -2.755122009077730194e+00 -1.476601636710010101e+00 8.060595730611345289e+01
6.152196187575471598e-01 1.177123343111681875e+00 1.958525185954944348e-02 -1.570478247841358366e+00 6.874567585397335368e-01 7.893229826433928453e-01 1.245839614234885318e+00 6.152375069321619350e+01
5.042980295800120194e-01 -9.183960808764938255e-01 2.073270695114740741e-02 1.010712576691097597e+00 2.073457053595825439e+00 1.523854302644662706e+00 -7.313095095565085302e-01 4.602262714985913306e+01
-6.757025940511466322e-01 -7.828838112007919792e-01 1.994922086759957081e-01 -1.422174591906402386e+00 2.189162513207785210e+00 9.019166854072783318e-03 3.016690637952466059e-01 6.015841535263527362e+01
1.313516164567822830e+00 -1.807211985347870753e+00 -1.163876423999815335e-01 -1.115897572920097058e+00 1.332440050719446267e+00 1.322886903592142283e-01 -4.501312943030592040e-01 5.430990360644894110e+01
9.033747045791509223e-01 -1.034340398541765405e+00 -7.255304353584489663e-01 1.426066320477266780e+00 -4.931361288298826695e-01 -2.269480564807240697e+00 -7.971438605290691592e-01 8.039250433810875052e+01
-2.098126128271291080e+00 -1.198391731800928506e+00 3.434209412225917579e-01 -1.958001099057087718e-02 9.439664683254309629e-01 -7.096012380451439672e-01 -1.484535539766713430e-01 7.195615988785553441e+01
-2.577741554526444268e-01 1.302837114383307071e+00 -1.083328139589611716e+00 -6.958668499338406532e-02 8.621059516222054908e-01 3.545091252539284143e-01 -2.052647889887386778e+00 4.400297572338666185e+01
1.023624834895589641e+00 2.056284813763726405e+00 2.582530006539889289e-01 9.943762530838640146e-01 4.179875227201108184e-02 3.313592248953094455e-01 8.489023046120591776e-01 7.401712580090286053e+01
-3.146607145200697175e-01 2.484792069655141974e-02 -1.083757723438963483e+00 4.689561661826681105e-01 6.993556355957468718e-01 3.681542999357592105e-01 -1.299417281211115771e+00 4.590445823326155050e+01
1.072906060955679308e+00 -1.346898761045161597e-01 -1.283496158753822280e+00 8.291356382249782664e-01 -1.554244131745074475e-01 2.830849632989626552e-01 -7.049914913235374447e-01 5.537359073709889401e+01
3.260212634724033581e-02 4.808775053427226109e-01 5.259624742743188586e-01 8.367735973409521355e-01 -1.046209432742685852e+00 -7.082080291224982505e-01 9.412425094621490462e-01 1.035708196311715454e+02
2.525254741509418643e+00 -1.154927171556931587e+00 -6.390836482816072972e-02 3.476377817076248822e-01 -1.210714136127466478e+00 -1.095219262611235145e+00 -8.823397142626004941e-02 9.456531820464384452e+01
-1.749034719206697119e-01 5.211271840316168413e-01 1.721745093536266369e+00 -5.876512037486449069e-02 -4.130465889995352247e-01 -7.191625555218145172e-01 -1.522380364725901769e+00 9.080832229054730931e+01
-8.419583424384819992e-01 -1.525010281651489330e-01 -1.713867994165869379e-01 3.469382114408537526e-02 -1.509640932968203675e-01 -5.798885976885114202e-01 -1.594977058517777824e+00 7.055602592719604615e+01
7.660078854557669792e-02 4.009920709436575192e-01 -1.584727441549195426e+00 -2.851591818915312770e-01 -1.771308115253746651e+00 -1.284497513339282748e-01 -3.554560930730339963e-01 7.085304832151921062e+01
-6.712328225635405543e-01 8.307776615863989855e-01 -2.120996663655758230e+00 1.784788484619015958e-01 -2.382129707724325307e-01 6.235444382611350367e-01 -9.048452843734393625e-01 5.099484753953225891e+01
-3.171594100567209362e-01 1.216047226934709874e-01 -2.917916965932285112e-01 -8.323254736319541935e-01 2.513128680224540612e-01 3.714409112805138746e-01 3.274117262984879706e-01 6.257714300674407326e+01
-6.253569895938326795e-01 -5.093564833521687651e-01 -2.205594858715670181e+00 1.693448438888712548e+00 5.770964773514277724e-01 -1.343085132389963299e+00 5.074060942023134180e-01 6.242961789929611882e+01
-1.057632650212166459e+00 -4.420940787626828072e-01 7.383780358584438042e-02 -6.167229374924112495e-01 -5.025887346886830365e-01 -1.296485182353165344e-01 -2.521887792784846205e+00 7.119722254039922404e+01
1.056138070998516865e+00 -8.050477106605625766e-01 1.355791886190301498e-01 -5.910240481035418103e-01 1.103704419162622880e-01 -1.900382285852691089e+00 1.233170445435362472e+00 9.426469725463549310e+01
4.491748502458213325e-03 7.976335083206274046e-01 1.055087607504171965e+00 8.146968871438489135e-01 1.499232295740590415e-01 7.572850579708445551e-01 5.026526208435329046e-01 7.446266303162053646e+01
2.138297794022224751e-01 -2.425365123938047207e-01 5.107461759495148801e-01 -3.918831627264872663e-01 2.864652014260788970e-01 -5.141028527257086866e-02 1.649119845801233719e+00 8.046639889399267531e+01
-1.695715917507782722e+00 5.529943994413258901e-01 3.997243736073417542e-01 -4.235260545361307361e-01 2.931660726400569517e-01 -1.144255448059000813e+00 1.001710021795582661e-01 8.529351372621350436e+01
1.348078799649708559e+00 -5.603655819311611497e-01 1.747099106109322397e+00 -1.750217440845966754e+00 -9.944999460081900902e-03 -9.198599738072038567e-01 3.598754082469705629e-01 9.927343792917046983e+01
-1.964011588583717938e+00 -5.647397311649623441e-01 -1.007035336086037791e+00 1.329237001308110511e+00 9.839145494178841433e-01 2.295707386827798846e-01 8.024622656713555069e-02 4.952541016781061245e+01
-2.316554713414573918e-01 -4.307749405956478039e-01 1.323030956644668965e+00 -5.377029596345540563e-01 -1.213929163381274545e+00 -1.655494952644077200e+00 -5.796020996218933519e-01 1.097050746818945726e+02
4.438523337684635583e-02 1.360131074797965925e-02 6.796739281502717223e-02 -1.216009206731773207e-01 1.267951917352264368e-01 -1.137380442257561519e+00 2.226832815594097237e-01 8.382376153576871047e+01
-1.712287151305792232e+00 1.417419335536871605e+00 -1.961759346853499952e+00 -1.019945091899346068e-01 9.984125444755055645e-02 -8.356905705129897832e-01 -1.088464557074046546e+00 5.875241408927333708e+01
1.612115450201350386e+00 5.879139681387929306e-01 -2.050708083495074163e-01 6.664872535598531655e-01 -1.618957018055076080e+00 7.980475229521376279e-02 -5.315990899760004718e-01 7.737121192682866422e+01
-6.618475417270773820e-01 -6.220463606284244440e-01 3.509056273702180762e-01 -1.470611723903963775e+00 -1.116720179228939847e+00 -8.497412424527260866e-01 -6.332820965402599089e-01 9.265915586922200475e+01
-5.791685212441060049e-01 -1.781203388715864033e+00 7.032468813577311684e-01 7.483078998555391381e-01 -8.739934239330381383e-01 -2.171535565446474636e-01 8.735774624883997364e-01 9.629086681400933401e+01
1.743868186152374433e-01 -1.452046961936956926e-01 -1.275821471471692226e+00 -2.273027018471340810e-01 -1.560887341298014874e+00 -8.382911932332913485e-02 2.861131463565712352e+00 8.027494590781574857e+01
7.988725808921798288e-01 -5.540857313405977980e-01 2.206534093677713582e+00 6.478984750312800633e-01 1.598714185151583811e+00 -2.183196506651909341e-01 -7.870135096966811572e-01 7.046524550215103488e+01
5.373966406815166019e-01 7.450238329819441896e-01 -1.584397097462188375e+00 2.004322050693352342e-01 3.654550213041133366e-01 2.515118229147745854e-01 5.283328474969678501e-01 5.372404498650803362e+01
-8.238698378923705601e-01 -2.517994759456114173e-01 1.723058156490715476e-01 1.453854550047420924e+00 -3.568984690237915758e-01 7.644753939807777954e-01 2.601574164042288029e+00 7.623720258693346352e+01
